1 10
100 200
201 210
900 1000
1 1
5 1
1 500
500 1000
1000 1001
1002 2000
2000 3000
3333 3999
4500 5000
5000 6000
6000 6700
6700 8501
8501 9000
9000 9500
9500 10000
10000 10500
10500 11000
11000 11500
11500 12000
12000 12500
12500 13000
13000 13500
14000 14500
14500 15000
15000 15500
15500 16000
16000 16500
16500 17000
17000 17500
17500 18000
18000 18500
18500 19000
19000 19500
19500 20000
20500 21000
21000 21500
21500 22000
22000 22500
22500 23000
23000 23500
23500 24000
24000 24500
24500 25000
25000 25500
25500 26000
26000 26500
26500 27000
27000 27500
27500 28000
28000 28500
28500 29000
29000 29500
29500 30000
30000 30500
30500 31000
31000 31500
31500 32000
32000 32500
32500 33000
33000 33500
33500 34000
34000 34500
34500 35000
35000 35500
35500 36000
36000 36500
36500 37000
37000 37500
37500 38000
38000 38500
38500 39000
39000 39500
39500 40000
40000 40500
40500 41000
41000 41500
41500 42000
42000 42500
42500 43000
43000 43500
43500 44000
44000 44500
44500 45000
45000 45500
45500 46000
46000 46500
46500 47000
47000 47500
48000 48500
48500 49000
49000 49500
49500 50000
50000 60000
60000 100000
100000 100001
100001 100500
100500 101000

